# R2   p2   s2; [Nx,Ny,R1,a,b,g,d] = [4, 100, 2, 1.0, 0.1, 0.0, 0.95]
4.000000000000000000e+01 9.999991602606147501e-01 8.397397378312639727e-07
4.100000000000000000e+01 9.999991402574064381e-01 8.597429631407939184e-07
4.200000000000000000e+01 9.999991202541980151e-01 8.797461889614753194e-07
4.300000000000000000e+01 9.999991002509909244e-01 8.997494138500168672e-07
4.400000000000000000e+01 9.999990802477828344e-01 9.197526401378890311e-07
4.500000000000000000e+01 9.999990602445744114e-01 9.397558671589575728e-07
4.600000000000000000e+01 9.999990402413670987e-01 9.597590934699311840e-07
4.700000000000000000e+01 9.999990202381607851e-01 9.797623191818320611e-07
4.800000000000000000e+01 9.999990002349568030e-01 9.997655429623913040e-07
4.900000000000000000e+01 9.999989802317506005e-01 1.019768769363527761e-06
5.000000000000000000e+01 9.999989602285449530e-01 1.039771995609681329e-06
5.100000000000000000e+01 9.999989402253423032e-01 1.059775219258358600e-06
5.200000000000000000e+01 9.999989202221365447e-01 1.079778446415792565e-06
5.300000000000000000e+01 9.999989002189328957e-01 1.099781671863929711e-06
5.400000000000000000e+01 9.999988802157278034e-01 1.119784899155487319e-06
5.500000000000000000e+01 9.999988602125240433e-01 1.139788125514904862e-06
5.600000000000000000e+01 9.999988402093235029e-01 1.159791349054801081e-06
5.700000000000000000e+01 9.999988202061197429e-01 1.179794576214476929e-06
5.800000000000000000e+01 9.999988002029174261e-01 1.199797802330989987e-06
5.900000000000000000e+01 9.999987801997167747e-01 1.219801027182295649e-06
6.000000000000000000e+01 9.999987601965161232e-01 1.239804252433730357e-06
6.100000000000000000e+01 9.999987401933149167e-01 1.259807478640406261e-06
6.200000000000000000e+01 9.999987201901138212e-01 1.279810705136188697e-06
6.300000000000000000e+01 9.999987001869136138e-01 1.299813931143920701e-06
6.400000000000000000e+01 9.999986801837148498e-01 1.319817156108490126e-06
6.500000000000000000e+01 9.999986601805157527e-01 1.339820381806255717e-06
6.600000000000000000e+01 9.999986401773164335e-01 1.359823608126195172e-06
6.700000000000000000e+01 9.999986201741174474e-01 1.379826834513196555e-06
6.800000000000000000e+01 9.999986001709201267e-01 1.399830059634990118e-06
6.900000000000000000e+01 9.999985801677236941e-01 1.419833284268732826e-06
7.000000000000000000e+01 9.999985601645242639e-01 1.439836512300211195e-06
7.100000000000000000e+01 9.999985401613293856e-01 1.459839736179897645e-06
7.200000000000000000e+01 9.999985201581329530e-01 1.479842962014027494e-06
7.300000000000000000e+01 9.999985001549368535e-01 1.499846187915219059e-06
7.400000000000000000e+01 9.999984801517413091e-01 1.519849413661427311e-06
7.500000000000000000e+01 9.999984601485463198e-01 1.539852639252652252e-06
7.600000000000000000e+01 9.999984401453514415e-01 1.559855865132983724e-06
7.700000000000000000e+01 9.999984201421563412e-01 1.579859091635489273e-06
7.800000000000000000e+01 9.999984001389611299e-01 1.599862318649146382e-06
7.900000000000000000e+01 9.999983801357682500e-01 1.619865543731460375e-06
8.000000000000000000e+01 9.999983601325755922e-01 1.639868768991858598e-06
