# R2   p2   s2; [Nx,Ny,R1,a,b,g,d] = [4, 100, 1, 1.0, 0.1, 0.0, 0.95]
4.000000000000000000e+01 9.999991803323780015e-01 8.196679579261654991e-07
4.100000000000000000e+01 9.999991603309734689e-01 8.396693790533323422e-07
4.200000000000000000e+01 9.999991403295683812e-01 8.596708011356680645e-07
4.300000000000000000e+01 9.999991203281654029e-01 8.796722215086350774e-07
4.400000000000000000e+01 9.999991003267616474e-01 8.996736430588157860e-07
4.500000000000000000e+01 9.999990803253568927e-01 9.196750660082550071e-07
4.600000000000000000e+01 9.999990603239535814e-01 9.396764879144597571e-07
4.700000000000000000e+01 9.999990403225506030e-01 9.596779098876542253e-07
4.800000000000000000e+01 9.999990203211506223e-01 9.796793292633006115e-07
4.900000000000000000e+01 9.999990003197476440e-01 9.996807520366087544e-07
5.000000000000000000e+01 9.999989803183463311e-01 1.019682173544637715e-06
5.100000000000000000e+01 9.999989603169469055e-01 1.039683593565342254e-06
5.200000000000000000e+01 9.999989403155447043e-01 1.059685016761664369e-06
5.300000000000000000e+01 9.999989203141455008e-01 1.079686437360437766e-06
5.400000000000000000e+01 9.999989003127444098e-01 1.099687860246649259e-06
5.500000000000000000e+01 9.999988803113440961e-01 1.119689282755760838e-06
5.600000000000000000e+01 9.999988603099472240e-01 1.139690702223233854e-06
5.700000000000000000e+01 9.999988403085480204e-01 1.159692124422234813e-06
5.800000000000000000e+01 9.999988203071497050e-01 1.179693546133113341e-06
5.900000000000000000e+01 9.999988003057523889e-01 1.199694967244846715e-06
6.000000000000000000e+01 9.999987803043558499e-01 1.219696387979479750e-06
6.100000000000000000e+01 9.999987603029589778e-01 1.239697809447236953e-06
6.200000000000000000e+01 9.999987403015608844e-01 1.259699232536298014e-06
6.300000000000000000e+01 9.999987203001644565e-01 1.279700654360079471e-06
6.400000000000000000e+01 9.999987002987699158e-01 1.299702074696535869e-06
6.500000000000000000e+01 9.999986802973741540e-01 1.319703496654296339e-06
6.600000000000000000e+01 9.999986602959789472e-01 1.339704918457001286e-06
6.700000000000000000e+01 9.999986402945847397e-01 1.359706339660561077e-06
6.800000000000000000e+01 9.999986202931908652e-01 1.379707760931110376e-06
6.900000000000000000e+01 9.999986002917975458e-01 1.399709182046604152e-06
7.000000000000000000e+01 9.999985802904030052e-01 1.419710604783401999e-06
7.100000000000000000e+01 9.999985602890112402e-01 1.439712025144695097e-06
7.200000000000000000e+01 9.999985402876186980e-01 1.459713446683202210e-06
7.300000000000000000e+01 9.999985202862258227e-01 1.479714868954833702e-06
7.400000000000000000e+01 9.999985002848350568e-01 1.499716289517095109e-06
7.500000000000000000e+01 9.999984802834432918e-01 1.519717711478615769e-06
7.600000000000000000e+01 9.999984602820523039e-01 1.539719133063035667e-06
7.700000000000000000e+01 9.999984402806620931e-01 1.559720554270355438e-06
7.800000000000000000e+01 9.999984202792713273e-01 1.579721976432844405e-06
7.900000000000000000e+01 9.999984002778802283e-01 1.599723399328457541e-06
8.000000000000000000e+01 9.999983802764927932e-01 1.619724818960385816e-06
