# R2   p2   s2; [Nx,Ny,R1,a,b,g,d] = [4, 100, 3, 1.0, 0.1, 0.0, 0.95]
4.000000000000000000e+01 9.999991403295537262e-01 8.596708157906245892e-07
4.100000000000000000e+01 9.999991203281503038e-01 8.796722366076815530e-07
4.200000000000000000e+01 9.999991003267461043e-01 8.996736586019521068e-07
4.300000000000000000e+01 9.999990803253442362e-01 9.196750786648091345e-07
4.400000000000000000e+01 9.999990603239411469e-01 9.396765003489693854e-07
4.500000000000000000e+01 9.999990403225370583e-01 9.596779234323882547e-07
4.600000000000000000e+01 9.999990203211355233e-01 9.796793443623483577e-07
4.700000000000000000e+01 9.999990003197334332e-01 9.996807662474776574e-07
4.800000000000000000e+01 9.999989803183350068e-01 1.019682184868924002e-06
4.900000000000000000e+01 9.999989603169335828e-01 1.039683606888032526e-06
5.000000000000000000e+01 9.999989403155327139e-01 1.059685028752085740e-06
5.100000000000000000e+01 9.999989203141341765e-01 1.079686448684724899e-06
5.200000000000000000e+01 9.999989003127333076e-01 1.099687871348891788e-06
5.300000000000000000e+01 9.999988803113347702e-01 1.119689292081644621e-06
5.400000000000000000e+01 9.999988603099343454e-01 1.139690715101835763e-06
5.500000000000000000e+01 9.999988403085349198e-01 1.159692137522881750e-06
5.600000000000000000e+01 9.999988203071394910e-01 1.179693556347177238e-06
5.700000000000000000e+01 9.999988003057412866e-01 1.199694978347090302e-06
5.800000000000000000e+01 9.999987803043436374e-01 1.219696400191947844e-06
5.900000000000000000e+01 9.999987603029478755e-01 1.239697820549480963e-06
6.000000000000000000e+01 9.999987403015517806e-01 1.259699241640138251e-06
6.100000000000000000e+01 9.999987203001557967e-01 1.279700663019830074e-06
6.200000000000000000e+01 9.999987002987590357e-01 1.299702085576735699e-06
6.300000000000000000e+01 9.999986802973634958e-01 1.319703507312451351e-06
6.400000000000000000e+01 9.999986602959700654e-01 1.339704927338797341e-06
6.500000000000000000e+01 9.999986402945751918e-01 1.359706349208492007e-06
6.600000000000000000e+01 9.999986202931808732e-01 1.379707770923131362e-06
6.700000000000000000e+01 9.999986002917877759e-01 1.399709191816580533e-06
6.800000000000000000e+01 9.999985802903952337e-01 1.419710612554974182e-06
6.900000000000000000e+01 9.999985602890030245e-01 1.439712033360357338e-06
7.000000000000000000e+01 9.999985402876091500e-01 1.459713456231134198e-06
7.100000000000000000e+01 9.999985202862182732e-01 1.479714876504361493e-06
7.200000000000000000e+01 9.999985002848270632e-01 1.499716297510712956e-06
7.300000000000000000e+01 9.999984802834350761e-01 1.519717719694278433e-06
7.400000000000000000e+01 9.999984602820447543e-01 1.539719140612563881e-06
7.500000000000000000e+01 9.999984402806534334e-01 1.559720562930108582e-06
7.600000000000000000e+01 9.999984202792635557e-01 1.579721984204417860e-06
7.700000000000000000e+01 9.999984002778742331e-01 1.599723405323671404e-06
7.800000000000000000e+01 9.999983802764845775e-01 1.619724827176049539e-06
7.900000000000000000e+01 9.999983602750948108e-01 1.639726249539506814e-06
8.000000000000000000e+01 9.999983402737082638e-01 1.659727669083369074e-06
