# gamma   p2   s2; [Nx,Ny,R1,R2,a,b,d] = [4, 100, 2, 60, 1.0, 0.1, 0.95]
0.000000000000000000e+00 9.999987601964608341e-01 1.239804307722905593e-06
1.000000000000000021e-02 9.999987601962061490e-01 1.239804562408383174e-06
2.000000000000000042e-02 9.999987601927708969e-01 1.239807997664724851e-06
2.999999999999999889e-02 9.999987601466561182e-01 1.239854112500561918e-06
4.000000000000000083e-02 9.999987597698274389e-01 1.240230941647217142e-06
5.000000000000000278e-02 9.999987577710783837e-01 1.242229693183280961e-06
5.999999999999999778e-02 9.999987499499499721e-01 1.250050831341088253e-06
7.000000000000000666e-02 9.999987252964108730e-01 1.274704401562268123e-06
8.000000000000000167e-02 9.999986590079614768e-01 1.340992937653852954e-06
8.999999999999999667e-02 9.999985010953753584e-01 1.498905748000298845e-06
1.000000000000000056e-01 9.999981590146370669e-01 1.840987057548722754e-06
1.100000000000000006e-01 9.999974725143829790e-01 2.527488811118140037e-06
1.199999999999999956e-01 9.999961786807600728e-01 3.821326541186201326e-06
1.300000000000000044e-01 9.999938649045184702e-01 6.135114301305053014e-06
1.400000000000000133e-01 9.999899073096352176e-01 1.009274129632453203e-05
1.499999999999999944e-01 9.999833919627234557e-01 1.660817519152234148e-05
1.600000000000000033e-01 9.999730159952732178e-01 2.698436880158722184e-05
1.700000000000000122e-01 9.999569656170730347e-01 4.303530893258903441e-05
1.799999999999999933e-01 9.999327678590651525e-01 6.723440111654000785e-05
1.900000000000000022e-01 9.998971127960847305e-01 1.028924971667092669e-04
2.000000000000000111e-01 9.998456429498487896e-01 1.543689644267267898e-04
2.099999999999999922e-01 9.997727066175712274e-01 2.273192174844528609e-04
2.200000000000000011e-01 9.996710719743936435e-01 3.289821342949391715e-04
2.300000000000000100e-01 9.995315990414366247e-01 4.685106925600441424e-04
2.399999999999999911e-01 9.993428669913388962e-01 6.573490151918379111e-04
2.500000000000000000e-01 9.990907548278731287e-01 9.096587862551617099e-04
2.600000000000000089e-01 9.987579742979140196e-01 1.242797655264962428e-03
2.700000000000000178e-01 9.983235549900799644e-01 1.677851816364625808e-03
2.800000000000000266e-01 9.977622830683687827e-01 2.240224361474785295e-03
2.899999999999999800e-01 9.970440970063425556e-01 2.960280302974017865e-03
2.999999999999999889e-01 9.961334461879947089e-01 3.874048255880399930e-03
3.099999999999999978e-01 9.949886213501740739e-01 5.023977717904653043e-03
3.200000000000000067e-01 9.935610697460534046e-01 6.459749582944773923e-03
3.300000000000000155e-01 9.917947126323672924e-01 8.239136023823111221e-03
3.400000000000000244e-01 9.896252883717656657e-01 1.042890409559300326e-02
3.500000000000000333e-01 9.869797511087499142e-01 1.310575535307486293e-02
3.599999999999999867e-01 9.837757626346362860e-01 1.635729140066002549e-02
3.699999999999999956e-01 9.799213236042538799e-01 2.028299257677025971e-02
3.800000000000000044e-01 9.753145994930111362e-01 2.499519388313764176e-02
3.900000000000000133e-01 9.698440061793918154e-01 3.062003878913046803e-02
4.000000000000000222e-01 9.633886292065975132e-01 3.729838763063618445e-02
4.100000000000000311e-01 9.558190587115210635e-01 4.518665297460605634e-02
4.199999999999999845e-01 9.469987275016874539e-01 5.445752951218075372e-02
4.299999999999999933e-01 9.367858412375298371e-01 6.530058077790867888e-02
4.400000000000000022e-01 9.250359852331537791e-01 7.792263927165134219e-02
4.500000000000000111e-01 9.116054798238776291e-01 9.254797041336400298e-02
4.600000000000000200e-01 8.963555332151212918e-01 1.094181442483861122e-01
4.700000000000000289e-01 8.791572050123106496e-01 1.287915519951417231e-01
4.799999999999999822e-01 8.598971434094919708e-01 1.509424975739533104e-01
4.899999999999999911e-01 8.384839935672122602e-01 1.761597872663583086e-01
5.000000000000000000e-01 8.148552947562502924e-01 2.047447339518946308e-01
5.100000000000000089e-01 7.889845924833586155e-01 2.370084862314232599e-01
5.200000000000000178e-01 7.608883949908515909e-01 2.732685876036385353e-01
5.300000000000000266e-01 7.306325104983528718e-01 3.138446672557174688e-01
5.400000000000000355e-01 6.983372249001976728e-01 3.590531626600880766e-01
5.500000000000000444e-01 6.641807346311614513e-01 4.092009758332932901e-01
5.600000000000000533e-01 6.284002524370645437e-01 4.645779708867724400e-01
5.700000000000000622e-01 5.912902700095679087e-01 5.254482315426143302e-01
5.799999999999999600e-01 5.531976014020696386e-01 5.920400150612561418e-01
5.899999999999999689e-01 5.145130471550204421e-01 6.645343651276780506e-01
5.999999999999999778e-01 4.756598017705070403e-01 7.430523824348631567e-01
6.099999999999999867e-01 4.370790534476234890e-01 8.276411999092287974e-01
6.199999999999999956e-01 3.992135582323681486e-01 9.182587716136387801e-01
6.300000000000000044e-01 3.624902643181446837e-01 1.014757662101458680e+00
6.400000000000000133e-01 3.273032663681481047e-01 1.116868117787102932e+00
6.500000000000000222e-01 2.939984409872259397e-01 1.224180814422052732e+00
6.600000000000000311e-01 2.628610259979355379e-01 1.336129804725302961e+00
6.700000000000000400e-01 2.341071562675870743e-01 1.451976335676180341e+00
6.800000000000000488e-01 2.078799848069557699e-01 1.570794361927545291e+00
6.900000000000000577e-01 1.842505535564622487e-01 1.691458743540204201e+00
7.000000000000000666e-01 1.632231048466629419e-01 1.812637272657420695e+00
7.099999999999999645e-01 1.447441162489977173e-01 1.932787811030489689e+00
7.199999999999999734e-01 1.287140604358826268e-01 2.050161920651311753e+00
7.299999999999999822e-01 1.150007750001254131e-01 2.162816411510069425e+00
7.399999999999999911e-01 1.034533813631695331e-01 2.268634189358886832e+00
7.500000000000000000e-01 9.391589448087266090e-02 2.365355636795686500e+00
7.600000000000000089e-01 8.623997347379230849e-02 2.450621479407393721e+00
7.700000000000000178e-01 8.029662754868910346e-02 2.522027657059697781e+00
7.800000000000000266e-01 7.598706647973971218e-02 2.577192131075868975e+00
7.900000000000000355e-01 7.325323861533949987e-02 2.613832818883637721e+00
8.000000000000000444e-01 7.208891533437944421e-02 2.629854986671636308e+00
8.100000000000000533e-01 7.255245229230845860e-02 2.623445498813016474e+00
8.200000000000000622e-01 7.478257358459809712e-02 2.593170394612179575e+00
8.300000000000000711e-01 7.901864587903230375e-02 2.538071430579128318e+00
8.399999999999999689e-01 8.562683203905389895e-02 2.457756586552098721e+00
8.499999999999999778e-01 9.513301990967651389e-02 2.352479157185364045e+00
8.599999999999999867e-01 1.082621219297965759e-01 2.223199937493208989e+00
8.699999999999999956e-01 1.259806296133973436e-01 2.071627117075828028e+00
8.800000000000000044e-01 1.495343565582164247e-01 1.900229102799656511e+00
8.900000000000000133e-01 1.804650498007487613e-01 1.712218149870642581e+00
9.000000000000000222e-01 2.205765503672476036e-01 1.511510477145422637e+00
9.100000000000000311e-01 2.718019826754172197e-01 1.302681482680156932e+00
9.200000000000000400e-01 3.359009570829438185e-01 1.090938933058798188e+00
9.300000000000000488e-01 4.139110016634292011e-01 8.821043000940437251e-01
9.400000000000000577e-01 5.053428827673573931e-01 6.825181043296000283e-01
9.500000000000000666e-01 6.072925961883719470e-01 4.987445675107820553e-01
9.599999999999999645e-01 7.138635173680499824e-01 3.370634870600408006e-01
9.699999999999999734e-01 8.162908646300562898e-01 2.029845357793433891e-01
9.799999999999999822e-01 9.038019207676021294e-01 1.011450567941134110e-01
9.899999999999999911e-01 9.649041232015277414e-01 3.572653677441416792e-02
1.000000000000000000e+00 9.889630910327742441e-01 1.109826753733661811e-02
1.010000000000000009e+00 9.683337364767727884e-01 3.217848203718983585e-02
1.020000000000000018e+00 9.010431923821405897e-01 1.042020842518350809e-01
1.030000000000000027e+00 7.929227336377462354e-01 2.320294976079979588e-01
1.040000000000000036e+00 6.574038570751516986e-01 4.194567506028901160e-01
1.050000000000000044e+00 5.122564264890776542e-01 6.689299463311301208e-01
1.060000000000000053e+00 3.746681973177894975e-01 9.817144518371898609e-01
1.070000000000000062e+00 2.571045592926726742e-01 1.358272431329324847e+00
1.080000000000000071e+00 1.655333233933621029e-01 1.798582754624337143e+00
1.090000000000000080e+00 1.000285970586831802e-01 2.302299163289008188e+00
1.100000000000000089e+00 5.676788033567378711e-02 2.868784600251130801e+00
1.110000000000000098e+00 3.028510103409778539e-02 3.497099402444578953e+00
1.120000000000000107e+00 1.520706793940939348e-02 4.185994963193274465e+00
1.130000000000000115e+00 7.198166778074944518e-03 4.933928899536072166e+00
1.140000000000000124e+00 3.217669770249947415e-03 5.739097855239548629e+00
1.150000000000000133e+00 1.361077055041401158e-03 6.599478940426554807e+00
1.159999999999999920e+00 5.460105671269333992e-04 7.512872228694317478e+00
1.169999999999999929e+00 2.082151272524225051e-04 8.476938747110512651e+00
1.179999999999999938e+00 7.566249545274664114e-05 9.489227956845638801e+00
1.189999999999999947e+00 2.626738469959166177e-05 1.054718251386330863e+01
1.199999999999999956e+00 8.735754197620258557e-06 1.164808627607686198e+01
1.209999999999999964e+00 2.791726022402737109e-06 1.278885050739107676e+01
1.219999999999999973e+00 8.608907581721360720e-07 1.396529821841721031e+01
1.229999999999999982e+00 2.581248329483776762e-07 1.516982252040467927e+01
1.239999999999999991e+00 7.666457872516231970e-08 1.638382605108180101e+01
1.250000000000000000e+00 2.374876148616233857e-08 1.755573545577657057e+01
1.260000000000000009e+00 8.691509700830157029e-09 1.856091918423915743e+01
1.270000000000000018e+00 4.447727968006480826e-09 1.923087244014029906e+01
1.280000000000000027e+00 3.222692810570932953e-09 1.955304855029969602e+01
1.290000000000000036e+00 2.834899862295188384e-09 1.968125922233226177e+01
1.300000000000000044e+00 2.686849747136407017e-09 1.973489642732225136e+01
1.310000000000000053e+00 2.615737376961710001e-09 1.976171979946066060e+01
1.320000000000000062e+00 2.575639604951493931e-09 1.977716794340204487e+01
1.330000000000000071e+00 2.551876845531056559e-09 1.978643673064906849e+01
1.340000000000000080e+00 2.538349084831657150e-09 1.979175193383753850e+01
1.350000000000000089e+00 2.531561123003752041e-09 1.979442967983525037e+01
1.360000000000000098e+00 2.529009117818284195e-09 1.979543826395931561e+01
1.370000000000000107e+00 2.528709917587319814e-09 1.979555657825444115e+01
1.380000000000000115e+00 2.529040201602232145e-09 1.979542597314047114e+01
1.390000000000000124e+00 2.528667024267342969e-09 1.979557354092915489e+01
1.400000000000000133e+00 2.526509263450735927e-09 1.979642722468807392e+01
1.409999999999999920e+00 2.521711055765478539e-09 1.979832817544963319e+01
1.419999999999999929e+00 2.513620153786697081e-09 1.980154183056201589e+01
1.429999999999999938e+00 2.501768126037091711e-09 1.980626810464113419e+01
1.439999999999999947e+00 2.485851011829833328e-09 1.981265077653482010e+01
1.449999999999999956e+00 2.465709918615664662e-09 1.982078607147723304e+01
1.459999999999999964e+00 2.441311543327526700e-09 1.983073042429504085e+01
1.469999999999999973e+00 2.412728867683971143e-09 1.984250741978126698e+01
1.479999999999999982e+00 2.380122396695850811e-09 1.985611392340222991e+01
1.489999999999999991e+00 2.343722328977422873e-09 1.987152543258248727e+01
1.500000000000000000e+00 2.303812003430984651e-09 1.988870069317495748e+01
1.510000000000000009e+00 2.260712887939197784e-09 1.990758563626081568e+01
1.520000000000000018e+00 2.214771282754359765e-09 1.992811669713099931e+01
1.530000000000000027e+00 2.166346819408971976e-09 1.995022358142134422e+01
1.540000000000000036e+00 2.115802754293192823e-09 1.997383154360283442e+01
1.550000000000000044e+00 2.063497989757475710e-09 1.999886324092709344e+01
1.560000000000000053e+00 0.000000000000000000e+00 inf
1.570000000000000062e+00 0.000000000000000000e+00 inf
1.580000000000000071e+00 nan nan
1.590000000000000080e+00 nan nan
1.600000000000000089e+00 nan nan
1.610000000000000098e+00 nan nan
1.620000000000000107e+00 nan nan
1.630000000000000115e+00 nan nan
1.640000000000000124e+00 nan nan
1.650000000000000133e+00 nan nan
1.660000000000000142e+00 nan nan
1.669999999999999929e+00 nan nan
1.679999999999999938e+00 nan nan
1.689999999999999947e+00 nan nan
1.699999999999999956e+00 nan nan
1.709999999999999964e+00 nan nan
1.719999999999999973e+00 nan nan
1.729999999999999982e+00 nan nan
1.739999999999999991e+00 nan nan
1.750000000000000000e+00 nan nan
1.760000000000000009e+00 nan nan
1.770000000000000018e+00 nan nan
1.780000000000000027e+00 nan nan
1.790000000000000036e+00 nan nan
1.800000000000000044e+00 nan nan
1.810000000000000053e+00 nan nan
1.820000000000000062e+00 nan nan
1.830000000000000071e+00 nan nan
1.840000000000000080e+00 nan nan
1.850000000000000089e+00 nan nan
1.860000000000000098e+00 nan nan
1.870000000000000107e+00 nan nan
1.880000000000000115e+00 nan nan
1.890000000000000124e+00 nan nan
1.900000000000000133e+00 nan nan
1.910000000000000142e+00 nan nan
1.919999999999999929e+00 nan nan
1.929999999999999938e+00 nan nan
1.939999999999999947e+00 nan nan
1.949999999999999956e+00 nan nan
1.959999999999999964e+00 nan nan
1.969999999999999973e+00 nan nan
1.979999999999999982e+00 nan nan
1.989999999999999991e+00 nan nan
2.000000000000000000e+00 nan nan
