# R2   p2   s2; [Nx,Ny,R1,a,b,g,d] = [4, 100, 2, 1.0, 0.1, 0.0, 1.0]
4.000000000000000000e+01 9.999991602171965921e-01 8.397831560256827602e-07
4.100000000000000000e+01 9.999991402130051776e-01 8.597873644394147709e-07
4.200000000000000000e+01 9.999991202088208686e-01 8.797915661478815052e-07
4.300000000000000000e+01 9.999991002046401123e-01 8.997957647037993948e-07
4.400000000000000000e+01 9.999990802004614654e-01 9.197999615504596422e-07
4.500000000000000000e+01 9.999990601962878145e-01 9.398041538012795246e-07
4.600000000000000000e+01 9.999990401921188266e-01 9.598083417893258437e-07
4.700000000000000000e+01 9.999990201879527252e-01 9.798125272909570269e-07
4.800000000000000000e+01 9.999990001837911757e-01 9.998167086408367373e-07
4.900000000000000000e+01 9.999989801796348443e-01 1.019820885172830313e-06
5.000000000000000000e+01 9.999989601754805113e-01 1.039825060106587279e-06
5.100000000000000000e+01 9.999989401713310633e-01 1.059829230555524806e-06
5.200000000000000000e+01 9.999989201671861672e-01 1.079833396852709801e-06
5.300000000000000000e+01 9.999989001630436025e-01 1.099837561218590643e-06
5.400000000000000000e+01 9.999988801589057008e-01 1.119841721321696228e-06
5.500000000000000000e+01 9.999988601547722400e-01 1.139845877384070949e-06
5.600000000000000000e+01 9.999988401506435531e-01 1.159850029072647474e-06
5.700000000000000000e+01 9.999988201465167537e-01 1.179854179274008844e-06
5.800000000000000000e+01 9.999988001423961714e-01 1.199858323658279546e-06
5.900000000000000000e+01 9.999987801382798080e-01 1.219862464223863566e-06
6.000000000000000000e+01 9.999987601341653320e-01 1.239866603302231795e-06
6.100000000000000000e+01 9.999987401300556300e-01 1.259870738006800558e-06
6.200000000000000000e+01 9.999987201259501468e-01 1.279874868892682003e-06
6.300000000000000000e+01 9.999987001218477722e-01 1.299878997070100002e-06
6.400000000000000000e+01 9.999986801177515039e-01 1.319883119541448364e-06
6.500000000000000000e+01 9.999986601136580111e-01 1.339887239637400610e-06
6.600000000000000000e+01 9.999986401095689592e-01 1.359891355692619451e-06
6.700000000000000000e+01 9.999986201054827939e-01 1.379895469261419027e-06
6.800000000000000000e+01 9.999986001014016246e-01 1.399899578234372627e-06
6.900000000000000000e+01 9.999985800973245631e-01 1.419903683499659516e-06
7.000000000000000000e+01 9.999985600932492780e-01 1.439907787388751436e-06
7.100000000000000000e+01 9.999985400891808762e-01 1.459911884794614637e-06
7.200000000000000000e+01 9.999985200851156941e-01 1.479915979380990184e-06
7.300000000000000000e+01 9.999985000810528435e-01 1.499920072036057766e-06
7.400000000000000000e+01 9.999984800769966542e-01 1.519924158429940599e-06
7.500000000000000000e+01 9.999984600729431294e-01 1.539928242559447713e-06
7.600000000000000000e+01 9.999984400688932684e-01 1.559932323425376693e-06
7.700000000000000000e+01 9.999984200648470711e-01 1.579936401027726901e-06
7.800000000000000000e+01 9.999984000608057588e-01 1.599940474145251106e-06
7.900000000000000000e+01 9.999983800567688874e-01 1.619944543222039153e-06
8.000000000000000000e+01 9.999983600527350136e-01 1.639948609701382880e-06
