# R2   p2   s2; [Nx,Ny,R1,a,b,g,d] = [4, 100, 2, 0.1, 0.1, 1.0, 0.3]
4.000000000000000000e+01 8.188825657036738368e-08 1.631791024378754784e+01
4.100000000000000000e+01 8.188425188054831166e-08 1.631795914930725644e+01
4.200000000000000000e+01 8.188024754182669915e-08 1.631800805293089240e+01
4.300000000000000000e+01 8.187624355416769869e-08 1.631805695465848771e+01
4.400000000000000000e+01 8.187223991753709807e-08 1.631810585449006723e+01
4.500000000000000000e+01 8.186823663189991750e-08 1.631815475242565583e+01
4.600000000000000000e+01 8.186423369722211682e-08 1.631820364846528193e+01
4.700000000000000000e+01 8.186023111346896770e-08 1.631825254260897040e+01
4.800000000000000000e+01 8.185622888060608589e-08 1.631830143485674967e+01
4.900000000000000000e+01 8.185222699859879597e-08 1.631835032520864459e+01
5.000000000000000000e+01 8.184822546741285929e-08 1.631839921366468005e+01
5.100000000000000000e+01 8.184422428701367985e-08 1.631844810022488446e+01
5.200000000000000000e+01 8.184022345736692633e-08 1.631849698488928269e+01
5.300000000000000000e+01 8.183622297843773805e-08 1.631854586765790671e+01
5.400000000000000000e+01 8.183222285019206162e-08 1.631859474853077074e+01
5.500000000000000000e+01 8.182822307259519518e-08 1.631864362750791386e+01
5.600000000000000000e+01 8.182422364561282064e-08 1.631869250458935738e+01
5.700000000000000000e+01 8.182022456921023613e-08 1.631874137977512618e+01
5.800000000000000000e+01 8.181622584335332211e-08 1.631879025306524866e+01
5.900000000000000000e+01 8.181222746800738991e-08 1.631883912445974971e+01
6.000000000000000000e+01 8.180822944313824060e-08 1.631888799395865419e+01
6.100000000000000000e+01 8.180423176871102671e-08 1.631893686156199408e+01
6.200000000000000000e+01 8.180023444469170810e-08 1.631898572726979069e+01
6.300000000000000000e+01 8.179623747104558288e-08 1.631903459108207244e+01
6.400000000000000000e+01 8.179224084773839917e-08 1.631908345299886776e+01
6.500000000000000000e+01 8.178824457473540214e-08 1.631913231302020151e+01
6.600000000000000000e+01 8.178424865200267077e-08 1.631918117114609501e+01
6.700000000000000000e+01 8.178025307950550318e-08 1.631923002737658379e+01
6.800000000000000000e+01 8.177625785720960777e-08 1.631927888171168561e+01
6.900000000000000000e+01 8.177226298508024295e-08 1.631932773415143245e+01
7.000000000000000000e+01 8.176826846308342153e-08 1.631937658469584917e+01
7.100000000000000000e+01 8.176427429118445486e-08 1.631942543334496065e+01
7.200000000000000000e+01 8.176028046934909105e-08 1.631947428009879530e+01
7.300000000000000000e+01 8.175628699754268115e-08 1.631952312495738155e+01
7.400000000000000000e+01 8.175229387573125120e-08 1.631957196792074072e+01
7.500000000000000000e+01 8.174830110388008609e-08 1.631962080898890122e+01
7.600000000000000000e+01 8.174430868195506628e-08 1.631966964816189147e+01
7.700000000000000000e+01 8.174031660992138399e-08 1.631971848543973636e+01
7.800000000000000000e+01 8.173632488774513144e-08 1.631976732082246073e+01
7.900000000000000000e+01 8.173233351539163323e-08 1.631981615431009303e+01
8.000000000000000000e+01 8.172834249282666392e-08 1.631986498590266166e+01
